995
839
678
672
67
78
90
481
687
307
708
269
760
363
119
171
758
697
648
113
38
541
824
45
947
956
115
174
988
377
140
811
817
241
455
460
492
661
771
870
427
96
920
854
712
464
212
824
79
147
858
157
559
918
982
702
23
891
395
952
183
211
675
690
297
379
319
185
771
731
680
343
113
874
158
579
175
560
662
542
437
794
648
263
175
761
151
710
684
503
97
253
402
132
843
18
685
778
332
649
194
392
455
610
333
1
236
690
952
971
230
85
575
413
66
38
741
859
452
742
651
979
49
930
212
193
548
346
749
688
966
57
91
540
646
418
483
354
702
326
804
47
674
303
847
236
980
858
2
916
345
512
570
39
754
870
25
888
643
109
21
114
987
310
599
677
634
127
70
927
781
374
287
551
720
282
585
111
87
289
496
497
670
484
450
661
459
990
61
652
36
894
287
99
588
561
692
971
791
539
271
677
574
585
833
282
295
735
717
911
174
766
702
206
937
820
338
49
481
463
554
618
41
951
335
258
775
4
454
577
897
981
737
610
504
929
96
949
1
645
637
186
623
510
438
135
864
589
250
855
773
209
218
607
981
966
943
557
1000
931
603
192
808
627
647
137
11
209
530
304
845
153
319
75
175
702
515
545
171
221
356
644
749
629
961
389
41
72
124
345
42
20
264
876
368
86
16
661
500
920
233
509
213
703
690
462
934
910
630
805
616
206
406
619
355
590
841
180
367
120
623
642
145
893
995
109
572
223
251
425
537
359
30
769
104
431
244
383
628
755
520
587
289
56
414
584
387
660
284
391
425
194
652
664
398
905
63
108
987
243
955
603
295
987
811
205
599
809
914
681
117
840
362
297
147
502
585
174
68
594
540
633
598
376
892
610
374
198
965
393
411
18
982
652
248
37
116
980
596
535
188
917
154
920
418
766
808
951
500
313
862
69
401
966
41
766
729
692
5
996
204
593
792
668
746
899
121
377
977
674
784
675
475
526
389
324
939
190
593
192
544
943
553
670
158
399
783
744
753
418
727
153
315
515
392
386
773
390
85
617
999
914
868
55
728
222
634
631
310
318
807
346
586
989
560
125
815
643
78
491
496
124
853
950
136
460
200
524
508
984
202
473
701
246
55
902
309
658
367
589
454
888
291
73
912
579
513
789
553
111
13
753
429
756
215
148
335
777
602
915
373
697
123
375
100
260
771
737
109
333
492
291
479
319
203
26
404
516
70
381
436
167
353
861
204
904
44
278
184
686
289
455
68
297
33
327
551
973
648
513
912
746
350
597
576
646
61
554
971
995
993
970
379
631
648
991
145
81
102
195
583
338
429
935
132
150
848
21
832
445
743
11
20
808
973
805
173
712
33
656
231
574
463
208
357
528
586
686
994
258
72
872
335
126
77
115
743
312
662
192
480
664
23
479
114
495
599
576
328
604
479
185
440
396
659
818
867
88
592
624
905
645
184
452
669
253
843
56
779
877
440
232
380
667
87
526
379
760
425
107
384
342
738
306
671
653
573
326
642
999
686
629
683
723
106
541
15
541
805
699
120
569
970
49
602
916
149
259
865
684
620
553
868
817
170
194
250
312
85
50
608
904
580
940
280
528
72
758
30
497
677
692
206
588
54
179
484
927
258
679
113
888
581
697
634
983
443
991
432
81
280
333
103
160
32
729
539
180
269
537
871
629
220
473
839
704
956
145
974
141
783
322
14
188
444
880
271
288
79
11
333
629
26
29
331
828
453
869
185
670
472
166
720
4
910
597
244
604
99
65
216
58
137
147
937
506
842
167
747
372
237
193
112
57
790
238
81
933
752
944
68
885
923
92
556
63
851
312
370
483
12
517
383
603
755
684
90
20
911
773
311
997
758
805
397
617
708
292
686
963
445
523
659
899
468
466
183
689
944
393
450
892
523
648
768
760
320
418
140
578
553
736
641
242
455
399
975
682
914
992
232
615
5
671
791
499
943
944
504
514
296
220
801
831
210
530
119
444
244
438
84
352
945
837
243
935
647
13
711
965
103
87
25
803
462
720
652
968
803
729
41
487
891
105
886
94
92
778
227
628
392
323
363
746
292
779
101
347
959
628
737
990
357
19
301
903
262
284
28
119
7
873
715
686
500
873
613
863
581
402
761
720
62
285
232
553
842
601
579
130
353
871
882
811
213
900
186
260
363
523
798
579
157
825
869
381
849
690
899
557
672
926
359
185
212
564
379
363
142
358
566
501
422
966
348
980
989
749
910
933
591
664
677
314
872
228
538
349
36
143
