7595
4024
2725
385
3417
7648
8242
7536
2405
9954
9254
8006
5738
3207
147
6590
4741
7656
3933
7144
1822
688
2895
1701
4757
4973
6744
300
3751
196
2020
2648
6831
6734
7893
3710
6665
6466
8912
1870
9714
8784
8212
5717
667
8135
6980
4892
9420
4052
8358
3394
8134
985
6660
689
6497
4837
6800
799
4068
5237
6789
563
9618
4487
616
4817
9137
7078
3117
9364
583
6023
5686
9239
9613
1487
8598
961
7413
7983
8020
9706
4952
7885
2011
2654
2232
384
9182
6493
7636
9863
4841
9469
9882
6295
1107
9005
5030
6400
4223
2086
4665
2666
2273
1744
197
929
974
2814
2244
1898
9164
7671
489
9681
9672
8098
1182
2577
1703
4189
1228
6399
1668
4074
4042
1171
5144
3479
1580
2355
5672
7016
4140
5854
7288
2339
2102
3042
93
1864
9870
1291
7617
6475
2940
5481
9519
800
5143
8140
8269
3217
3424
9887
2954
4126
8293
4894
1405
7170
8406
3589
2941
7966
3764
4054
7215
1973
853
8118
4922
1028
3029
7014
7975
2763
7590
3881
6115
8555
8808
3398
7862
766
4755
8604
2366
862
4545
1516
789
7779
7833
728
3522
6749
9494
8599
9723
8170
9782
2721
7368
3268
7870
9469
5826
9306
2971
2085
1178
6778
6739
5378
8230
9784
8714
3242
4566
2093
2240
5762
2405
8542
5048
8066
155
264
5748
3524
3439
1493
4716
71
3786
9438
4541
4742
2822
2685
3310
7553
6806
7982
8141
2261
6127
338
8280
5773
6196
1151
8712
8276
479
6807
6536
9493
8443
1426
4899
2833
1407
8267
6731
8316
9029
6549
5590
9893
200
8152
1107
8208
1052
8860
171
3666
5111
2736
482
5224
1965
9752
5548
5541
8057
6929
7532
1334
6903
4129
808
4995
2192
2192
4104
9204
140
5341
1982
9245
5147
8783
3983
6936
4255
9337
1743
6766
689
2216
2827
6657
6948
3084
1600
5225
1623
4849
7625
2953
3155
2985
1061
2157
5604
1271
1383
2883
5301
9098
2327
7138
1972
9109
3542
6523
4197
9463
9535
4939
6674
6332
600
8939
1279
1519
2008
3620
7787
762
6322
2498
4307
2508
4896
3076
8657
117
5771
7692
8898
3777
7030
3433
1654
9519
5931
8895
9056
1820
2589
7664
8076
273
9548
5721
5520
4422
1159
2027
2107
1585
4060
9477
3611
271
3595
7931
6267
8382
6169
549
3609
1012
2000
1013
7013
5952
6867
3846
2149
6219
1006
4830
4133
3930
8620
1569
2204
4355
8019
5234
3354
8810
9531
7061
9422
6663
1164
5910
3124
8213
5876
1504
5771
3385
8215
2395
9909
9421
6721
4773
7991
5576
3239
8524
704
9724
8908
1285
631
5148
2687
9068
1805
4264
3394
3928
8545
7799
5461
2106
5602
6079
1601
2418
8847
9987
6272
1854
3242
6362
1017
4032
7436
4776
1115
9483
1042
9355
8175
3450
8772
6708
735
2621
2166
3152
9125
7585
2952
6803
4332
9754
3192
9024
9651
6287
9224
1286
432
5971
7561
5162
9921
4219
6838
9069
6989
7121
2158
4955
1593
7284
4921
1935
2423
5082
3099
4182
3081
4659
759
3647
6659
3675
795
5291
447
6091
3625
1718
4937
380
5301
2578
3258
970
6298
5341
2403
705
7800
3759
8879
1703
2664
1202
1579
2646
1504
365
754
5251
8817
1727
6656
6352
2301
8437
9144
1466
8055
5224
6193
480
6931
2678
6299
6273
9356
2907
8863
5984
5268
827
9525
7831
198
4463
3823
5573
567
7978
3059
4246
7675
39
4838
2381
3396
4993
1875
7856
230
2974
7210
7520
8246
1209
2950
1412
3264
4603
9063
5553
6951
9749
2670
1944
3911
2700
7159
9788
5414
785
3536
7758
7337
8572
5880
2983
7284
8324
5523
5121
2473
6750
6970
4882
3346
3312
9583
1366
1913
5393
4942
7497
4756
8687
4943
7150
5358
8876
5687
2270
3328
5941
2750
5472
799
7536
4108
9697
5167
9554
2861
4977
3638
1931
7588
4330
4987
3951
6411
2493
3804
4097
7944
7771
9391
893
8475
8332
8864
7283
4611
5584
9818
6107
6305
6352
1089
6041
4917
6256
9659
2111
6884
9907
671
6953
7211
9739
6149
7225
4893
2475
2541
6287
8824
8971
4300
9493
3238
424
3457
517
1200
4309
5606
6887
1004
242
5266
8378
1127
4359
5643
1454
3213
653
7193
8604
5317
1753
869
4627
4458
4630
7088
3008
596
1086
1616
2265
4966
7108
8133
4022
6096
9793
2170
7772
1924
2842
855
9623
677
8442
5012
1124
3324
2593
8199
5928
1973
9785
4270
2305
5382
4352
3609
6071
9135
1335
9246
4349
3868
7446
7808
1914
584
7625
9145
7471
7628
2923
308
741
4789
2462
1560
2212
6100
5301
15
8770
2078
2366
2933
5382
7204
9918
9643
4712
9757
586
4570
9063
7871
6576
4485
4838
556
1665
5688
1796
4409
219
9661
294
1930
9446
2461
1859
89
2619
835
461
7350
4716
812
6695
3432
1908
1883
4231
514
6972
5497
6761
4065
7991
3577
45
1025
6203
4650
6062
558
1901
6981
1072
6840
3879
8134
1525
5840
4280
984
7980
2336
6552
7257
951
1655
3206
749
5992
5922
8785
2718
7095
1846
1647
1792
8098
9097
2925
1651
8978
9664
5140
546
614
2659
4148
3160
9694
2717
2512
2130
9781
3584
1701
9631
1292
9125
9512
3029
9407
2945
2940
2157
391
8867
7292
6654
1675
8441
8699
1431
4819
4755
8389
9510
4763
7983
4178
2070
5425
2019
9239
7029
1083
3786
4184
1811
4920
3749
7726
6982
9873
8355
2465
251
523
9611
114
3815
3004
2214
9928
43
7911
2538
1317
6070
8902
5392
9715
9700
4323
2007
161
9988
5075
9074
2580
808
6799
8668
252
8901
448
1868
628
490
5031
307
9589
8830
8679
2882
7864
5266
9040
4713
8054
245
3016
2074
9214
4662
8183
5452
2129
692
1583
8588
3566
6562
8518
477
7173
2262
8546
3488
5034
8208
4160
2943
5369
9432
5009
6051
3056
976
3362
3973
8285
9673
3510
